-22, -44, -29, -52, -59, -44, -6, -42, -5, -30, -61, -28,
-15, -39, -55, -29, -98, -47, -22, -45, -2, -11, -71, -1,
-42, -66, -29, -40, -84, -41, -17, -57, 2, 4, -28, -37,
38, -21, 15, -5, 4, 54, -11, 10, -5, -35, -23, -47,
20, -26, 13, 22, -3, 48, -19, -1, -22, -34, -43, -4,
42, -25, 28, -11, 12, 61, -9, -49, -9, -5, -30, 19,
-49, -44, -29, -39, -12, -36, -21, -58, 12, -16, 16, 24,
-59, -24, -19, -7, -32, -18, 1, -25, 31, -14, -28, -3,
-49, -6, -7, 21, 6, 4, 14, 42, 7, 59, 4, 24,
41, 34, 40, 70, 3, 19, 25, 52, 8, 49, 28, -8,
78, 36, 48, 36, 29, 40, -23, 23, 15, 29, -10, -16,
56, 28, -1, -34, -22, -37, -9, 22, -78, -76, 10, -88,
18, -19, -28, 12, -31, 2, -52, -14, -59, -50, 0, -76,
-13, -43, -15, 13, -12, 8, -84, -47, -71, 59, 55, 6,
1, 38, -50, 14, 44, -19, 15, 13, -14, 40, 54, 23,
20, 34, -62, 3, 5, -22, -5, -32, -43, 26, 20, -10,
-22, -1, -14, 15, 0, -32, 8, -64, -5, -14, -37, -8,
-58, -29, -16, -16, -1, -4, -26, -59, 6, -22, -6, -10,
-20, -50, 18, 28, -8, 22, -1, -53, 14, -41, -60, -6,
3, -37, 4, -33, 7, -13, 16, -19, -24, 18, 31, -5,
-4, 20, -26, -27, -42, -15, -2, 34, 25, -25, 2, -19,
7, 49, -31, -39, -20, -14, 14, 36, 12, -30, -1, -17,
-25, 9, 13, 40, 56, 0, -6, 43, 10, -9, 85, 1,
42, 16, 12, 11, 6, -6, 22, -2, -23, -52, -6, 5,
1, -13, -42, -4, 40, 12, -13, 18, -40, -28, -4, 39,
8, 27, 28, -8, 18, 36, -7, 35, -2, -28, -33, 6,
62, -10, -6, -60, 51, 12, -13, 29, 1, 50, -11, -28,
101, 15, 25, -41, 82, 15, 6, 34, 10, -4, 21, 0,
-25, 29, -4, -28, 18, 1, -5, 24, 16, -12, 4, -7,
6, 45, 14, -33, 22, 14, 25, 20, -11, -12, 23, -3,
-8, 51, 41, -67, -38, -7, -16, 10, 38, -13, -5, 14,
54, 33, -8, -55, 27, 2, 16, 11, 20, 27, 27, 38,
-22, 82, -18, -63, 99, -31, 25, 51, 5, 61, 54, 18,
53, -4, -44, -10, 6, 33, 1, 21, 59, 27, 14, -4,
62, 1, -26, -34, -6, 4, -30, 28, 27, -26, 22, -6,
52, -27, -51, -43, -18, 43, 3, 1, 50, -39, -16, -35,
-37, -22, -41, 3, -24, -17, -6, -29, 17, -20, 8, -32,
-45, -12, -70, -5, 15, -10, 12, 30, -9, -20, 31, -43,
-64, -11, -84, 20, 35, 10, -7, -66, 11, -52, -32, -24,
-27, -22, -62, -44, -29, -41, 13, -24, 9, -1, -31, -20,
-33, -36, -7, -45, -46, 10, -3, -26, 7, -21, -25, -35,
-43, -11, -4, 21, 55, -22, -40, -15, -16, 8, 55, 3,
-11, 17, -1, 13, 80, 36, -19, 30, -26, 1, 56, 7,
-53, -3, -76, 42, 52, -18, 18, 13, -6, -7, 51, 8,
5, 40, 41, -79, 28, -43, -15, 10, -42, 15, -17, -13,
12, 44, -5, -25, 36, -53, 2, 21, 23, 5, -50, 14,
2, 44, -9, -36, 16, -86, -13, 23, -26, 36, -2, -9,
-4, 30, -4, 20, -41, 10, 5, 2, -30, 37, 38, 25,
-20, 19, -11, 41, -25, -12, 11, 19, -8, 11, 21, 8,
-21, 38, 37, 98, -11, -10, 2, -57, 23, -15, -31, 23,
22, -74, 25, -3, -20, 30, -24, -25, 2, -19, -56, -21,
15, -108, -6, -3, -16, -1, 8, -31, 43, -19, -11, -19,
20, -61, 7, -12, -24, -17, -3, -40, -50, -26, -51, 9,
-23, -21, -5, 19, 3, -49, -8, -20, -75, 24, -21, 16,
-8, 15, -10, -9, 3, -54, 3, -16, -58, 42, 2, -8,
29, 32, 34, -36, -6, 20, 18, 0, 3, 61, -45, -23,
27, 10, 26, -79, -35, -7, 24, -13, -14, 57, -18, -11,
18, -6, 78, -51, -39, 17, -1, -10, -18, -7, -44, -22,
8, 30, -11, -48, -17, -5, 9, 42, -15, -11, -38, -45,
10, -17, -3, -28, -10, -1, 1, 30, -17, 2, -6, -25,
3, 9, -23, -6, 17, -13, 50, 6, -35, 25, -8, 5,
-4, 32, 20, -10, 34, 17, 50, 27, -15, 43, 16, 7,
-25, 24, 12, -4, 11, -48, -11, 35, -38, -4, 46, -2,
-15, 37, 6, -15, 16, -7, 14, 8, -54, -33, 2, -22,
-34, 2, -24, -18, 68, 1, -19, 18, -30, -6, 45, -26,
-2, 60, -17, 3, 43, -26, 16, 21, -45, 28, 32, -31,
49, 35, 11, 44, 62, 35, 15, 75, -21, 0, 29, -27,
88, 62, 37, 45, 127, 57, 3, 62, -7, 7, 72, 5,
70, 35, 15, 38, 82, 24, -3, 73, -9, -18, -11, 6,
20, -28, 2, 26, 17, 8, 10, 19, 16, -36, 0, 18,
22, -3, 8, -3, 34, 18, -5, 4, 6, 10, -5, -3,
2, 7, -10, 29, 1, 0, 15, 15, 28, 25, 9, 3,
37, -12, 7, 8, -2, 40, 12, 51, 37, 67, 10, -1,
36, 9, 30, 23, 10, 56, 23, 115, 11, 47, 24, 17,
9, 4, 2, 27, 29, 24, -27, 23, -14, 24, 20, 17,
15, 40, 23, 15, 30, 23, -3, 23, 6, 31, 25, 14,
39, 42, 15, -15, 14, -1, -24, 7, 2, 35, -15, -2,
-17, 14, -35, 16, 28, -8, 56, 15, -40, -11, 24, -15,
-2, 39, -9, 33, 32, 4, 6, 27, -33, -40, 69, -9,
9, 102, 2, 88, 34, -3, 39, 74, -14, 35, 26, 11,
60, 44, 9, -49, 8, 9, 32, -5, 31, 29, 66, 37,
32, 17, 8, 3, 7, 32, -7, 17, -18, 31, -14, -9,
1, -1, 20, -20, -10, 15, 61, 17, 43, -1, 65, 0,
-23, 18, 7, 16, 14, 45, 74, -20, 5, -33, 51, 2,
-20, -16, 14, -7, 16, 50, 53, 25, 3, -33, 46, 7,
-48, 10, -6, 48, 23, 30, 25, 13, 17, 37, 65, 51,
45, 31, 42, 8, 4, 43, 47, 50, 17, 16, 35, 21,
34, 45, 21, 47, 51, 38, 70, 69, 15, 30, 103, -1,
38, 0, 46, 39, -10, 46, 48, 44, 57, 55, 8, 41,
54, 7, 17, 39, 23, 27, 62, 19, 62, 42, 39, 19,
39, -23, 16, 58, -4, -7, 22, 84, 48, -4, 27, -21,
-31, -12, -9, 53, 80, -1, 0, 14, -1, 18, 5, 6,
-8, -6, -2, 28, 59, -16, 17, 14, 31, -24, -22, 21,
-3, 4, -14, 3, -4, -23, 7, 27, 41, 13, 56, 24,
12, 2, 0, 41, 50, 43, -13, 22, 4, -10, 25, -1,
27, 2, -5, 55, 22, 9, -5, 24, 45, 13, 21, -17,
50, 19, 20, -26, 25, -43, -17, 4, 15, 28, 6, 40,
5, -52, 43, -35, -28, -41, -33, -25, -65, 0, 8, 0,
54, -51, -5, 18, -106, 16, -75, -11, -25, -83, -45, -82,
-17, 40, -46, 55, -16, 35, -11, 16, 16, -3, -3, 21,
-10, 52, 5, 31, 57, 25, -3, 36, 28, 6, 15, 4,
28, 25, -15, 80, 7, 15, 9, 48, 10, 47, 5, -9,
6, 1, 11, -25, -21, 29, 79, 42, 25, 33, -13, 5,
-15, -28, 87, -28, -17, 28, 53, 12, 6, -6, -57, 14,
4, -23, 63, -12, -18, -3, -6, -16, -8, 12, 55, 38,
53, 33, -6, 3, -20, 34, -9, 14, 21, 27, 25, 48,
34, 15, 21, 56, -13, 42, -4, 19, 25, 26, 60, 70,
-10, 10, 8, 55, 52, 4, 39, 28, 18, 17, 33, 26,
49, 30, 46, 55, 57, 11, 50, -14, 27, 39, -28, 94,
43, 6, 68, 24, 34, 14, 27, -54, 3, 46, -51, 27,
36, 32, 1, 60, 48, 4, 2, 67, 10, 7, 6, -15,
41, 23, 26, 43, 35, 12, -12, 36, 12, 6, -26, 41,
38, -24, 17, -5, 1, 2, -28, -20, -22, 60, -15, 13,
26, -36, 16, -15, 6, 11, 1, -59, 0, 87, -4, 58,
10, -33, 25, 6, -27, -9, 60, 5, 50, 49, 10, 26,
49, -24, 36, 1, -8, 33, 22, -29, 51, -8, -72, 11,
17, -80, 5, -9, -53, -17, 17, -15, 19, 10, -74, 8,
12, -48, 18, -14, -50, -1, -23, -51, -1, -13, -52, 26,
-12, -55, -5, 32, 18, 16, 4, 47, -2, -26, -6, -12,
84, 31, 21, 45, 28, 5, 5, 26, 24, 4, 61, 52,
29, -6, 41, 3, 0, 23, -32, 10, 13, 8, 41, 52,
7, 6, 20, -2, -14, 29, -33, 13, 55, -15, -24, 18,
29, 7, 11, -17, 19, 47, 2, 3, 33, -3, -17, 3,
17, 23, 30, -1, -2, 19, 17, -8, 53, 15, 55, 11,
2, 57, -6, 5, 29, 0, 13, 29, 1, 17, 48, 18,
30, 23, -23, -15, 63, -23, 8, 32, -6, 17, 44, 4,
24, 26, -21, 10, 73, -3, -32, -5, 13, 42, 28, 16,
32, 4, 42, 7, 16, 1, -19, 7, 37, 38, 16, 54,
24, 6, 22, -14, 23, 5, 12, -9, 15, 26, 1, 42,
24, 23, 16, -5, 46, -22, 8, 9, -9, 13, 57, 48,
20, 46, 10, 27, 11, -16, 36, 10, 18, 3, 37, 11,
5, 27, -1, -5, 14, -11, 38, 22, 39, 33, 7, 41,
8, -7, 12, 14, -8, 20, 16, 10, 9, -19, 14, -9,
15, -14, 18, 11, 33, 5, 9, 15, 21, 5, -5, 19,
17, -8, 3, 16, 8, 15, 10, 3, 9, -2, -11, 7,
-9, 9, -21, -21, -23, -20, 9, 7, -12, -11, 12, -11,
-3, -9, -26, -8, -23, -29, -6, 2, -5, -2, 36, -19,
5, 9, -26, 21, -9, -8, -7, -4, -8, -14, -12, 6,
-15, -27, 2, 8, 14, -22, 8, 8, -9, -7, -14, -2,
-21, -21, 7, 28, 2, -9, -24, 18, 0, -17, 1, 1,
20, 1, 14, -16, 49, 3, 18, 22, 14, 15, 1, 8,
6, 25, 19, 6, 53, 6, 13, 31, 9, 29, 19, 7,
3, 69, 1, -9, 55, -2, 25, 43, -8, 11, 44, 28,
12, 5, 30, 26, 10, 45, 26, -18, 37, -22, 42, 9,
26, 0, 46, 27, 18, 61, 36, 20, 11, -7, 23, -6,
22, -4, 36, 11, 14, 65, 66, 11, 19, -7, -2, 0,
-2, 8, 24, 2, -1, -15, 14, -4, 36, -8, -17, 10,
-20, -12, -5, -1, -20, 13, -4, 14, 30, -5, 1, 0,
-9, -21, 6, 0, -7, 10, 66, 21, 38, 22, 3, -5,
14, -34, 40, 2, -14, 13, 36, 11, 40, 24, 6, 6,
-31, 17, 24, 15, -18, 44, 0, 18, 36, 3, 29, 41,
-36, -22, 12, -24, 2, 2, 21, 8, 1, 1, 2, 17,
-25, -4, 1, -8, -8, 6, 25, 12, 12, -18, 8, 6,
-16, 1, 9, 15, 3, -3, 14, 17, 1, -28, 14, -10,
-9, 18, -11, -20, 37, -27, 2, 28, 11, 12, 13, -6,
-10, -52, -12, -40, 12, 3, -26, -32, -15, -8, -15, -9,
25, -4, -15, -26, 3, -17, -8, -20, -19, 23, 43, 4,
-9, 26, -2, 16, 7, 12, 28, 35, 39, 11, 34, 6,
8, -5, -2, 13, -4, 6, 30, 17, 26, -20, 42, 5,
10, 4, -14, 35, 12, 34, 8, 1, -7, 21, 4, 1,
5, -15, 0, 5, 5, -1, 8, 6, -9, 14, 7, 13,
6, 2, 9, 14, 10, -3, 19, -4, -12, 18, -2, 8,
5, 2, 0, -9, 26, -5, -6, -28, -7, 32, -49, 30,
-61, -50, 3, 3, -26, 7, -19, -34, 1, -35, -40, 24,
-4, -37, 3, -17, -33, 53, -28, -46, 19, -43, -57, 0,
15, -5, 10, 22, -26, -5, -1, 0, -39, -3, -41, 23,
-29, -27, 13, 15, 20, -21, 12, 13, -21, -25, -23, -21,
-38, -15, -5, 58, 18, -13, 19, -24, -16, 12, -12, -52,
-18, -13, -15, -39, -30, 19, 15, 8, -18, 26, -30, -74,
-23, -31, -21, -33, -8, 8, 16, 24, -29, -10, -19, -68,
-16, -34, 28, -18, -4, -1, 22, 27, -1, 26, 43, 3,
22, 18, -11, 47, 48, 1, 30, 27, -14, 13, 35, 14,
24, -3, 14, 15, 41, -3, 29, 21, -4, 0, 32, 7,
13, 23, 11, 6, 6, 6, -5, -21, 1, 16, 30, 11,
7, -3, -6, 16, 1, 11, 24, -4, 21, 23, 29, 24,
13, 23, 16, 21, 68, 20, 32, 4, 18, 12, 6, 28,
5, 12, -14, 9, 11, -36, 31, 57, -7, -44, 39, -15,
26, 13, -27, 46, 8, -14, -7, 46, -19, -29, 14, -10,
-13, 6, -18, 30, 30, -24, 0, 14, 1, -26, -70, 17,
10, -33, 51, 16, -41, 28, 11, -24, 22, -17, -33, 20,
6, -25, 33, 10, -3, 21, 7, -12, 27, -7, -1, 37,
23, 7, 38, 8, 22, 14, 14, 16, 6, 17, 75, -15,
-1, 45, 5, 4, 14, 5, 29, 7, 0, 23, 64, -31,
-10, 38, -4, 31, 11, 1, 35, 27, -8, -4, 68, -1,
2, 73, -8, -10, -8, 29, 20, 0, 40, 8, -6, 36,
-33, 15, 47, -12, 12, 47, 35, 1, 31, 11, -5, 43,
-34, -7, 37, 2, 0, 39, 20, -4, 24, -2, 4, 44,
-7, 4, 5, -3, -5, -4, -6, -12, -17, -19, -11, -3,
-9, -4, -3, 1, -16, -5, -9, -12, -23, -13, -5, -11,
-18, -14, -10, 4, -10, -12, -4, -15, -19, -1, -16, 3,
-18, -29, 17, -8, -4, -1, -43, -26, -31, 14, -36, 13,
-7, -9, 14, 12, -21, 4, -21, -16, -11, -15, -35, 25,
-15, -7, 3, -13, -29, 8, 3, -23, 13, 1, -20, -5,
-17, -11, -5, -13, -2, 0, -18, -6, 5, -8, -2, 10,
-9, -7, -18, 1, -9, 4, -22, 5, 0, -17, 4, -7,
-5, -14, -1, -2, 37, 12, 33, 40, -10, 15, 46, 32,
27, -12, 22, 13, 0, 18, 36, 41, 9, 18, 28, 20,
-10, 6, 1, 32, 15, 22, 29, 61, 1, 19, 12, 6,
-30, -12, 7, 20, 41, 41, 68, 43, 49, 67, 24, 24,
6, -12, 50, 43, -6, 27, 25, 17, 54, 46, 18, 28,
-10, -54, 45, 14, -20, 54, -16, 22, -23, 73, 59, 48,
4, 34, 75, -23, 6, -1, 75, 23, 27, 46, 80, 69,
-42, 54, 15, -1, -5, -34, 77, -10, 21, 22, 47, 33,
-26, 95, -2, -7, 13, -34, -20, -12, -7, 35, -23, 52,
70, -24, 22, 10, 4, 26, -35, 23, 6, -1, -21, 38,
54, 4, 5, 51, -9, 24, 12, -14, -12, 19, -9, -2,
34, 32, 50, 81, 27, 57, -35, 42, 16, 15, 4, 8,
50, 67, 23, 20, 30, -10, 0, -29, -12, 9, 15, 7,
43, 68, 26, -3, 36, 34, -9, -36, -9, 24, 16, 25,
8, 18, 4, 50, 30, 22, 59, 61, 16, -1, 30, 19,
25, 21, 32, 28, 13, 1, 29, 54, 17, -25, -2, 3,
63, 9, 48, 23, 25, 29, 5, 82, 12, 28, -33, 40,
54, 39, 25, 11, -7, 17, 23, 42, 20, 43, -19, 3,
55, 21, 15, 3, -30, 14, 19, 54, -13, 63, 15, 24,
2, 3, -3, -22, 25, -44, 92, -14, 51, -25, -8, 4,
-9, -38, -21, -1, -14, 52, 41, 11, 64, -29, 47, 27,
-22, -23, -17, -34, 9, -11, 59, 7, 49, -53, 51, 63,
-6, -37, 27, -5, -22, 19, 15, -13, 68, 3, 23, 45,
8, 3, 47, -2, -42, 11, 10, 17, 64, -11, 16, 5,
6, -19, 41, 5, 20, 87, -26, 0, 35, 8, 17, 21,
-52, -26, 6, 4, 55, 10, -27, -38, -37, 54, 33, 8,
-54, -31, 19, -21, 14, 2, -4, -46, -46, 65, 19, -2,
-35, -21, -11, -28, 3, -16, 27, -41, -82, 44, 43, 19,
-14, 2, -11, -16, 51, -1, 8, -18, -12, 64, 94, 8,
-53, -30, -23, 26, 19, -9, 34, -12, -36, 12, 29, 12,
-33, -12, -9, 16, 22, -8, 76, 71, -1, -1, 24, -42,
48, -2, 8, 13, 15, 55, 23, 46, 32, -16, 8, -48,
51, -14, 48, 38, 36, 42, 4, 24, -18, -3, -1, -9,
75, -70, -26, -12, 76, -40, -19, 97, -7, -2, 61, -53,
33, 43, -32, -7, 44, -10, -4, 46, -51, -5, 90, -30,
-20, 57, -45, -4, 88, -26, -9, 56, -72, -16, 100, -54,
54, -19, -21, -25, -17, -61, -66, 10, -29, -31, -11, -17,
45, -48, -70, -7, 13, -47, -47, -27, -45, -22, 4, -18,
9, -46, -53, 15, -5, -86, -33, -19, -20, 25, 1, 29,
0, -13, 18, -34, -25, 9, 57, 32, 36, 43, -13, 42,
15, 9, 43, -21, -20, 56, 59, 39, 55, -22, -5, 24,
9, 21, 38, 25, 17, 9, -1, 2, 63, -22, -25, 9,
24, -16, 23, -28, 33, 28, -36, -1, 26, 25, -59, 15,
71, 41, 26, 27, 4, 23, -15, -3, 6, 13, -26, 5,
-7, 37, 27, 18, 33, 43, -9, -15, 13, -3, -4, -2,
52, 14, 52, -4, 32, -7, 12, -20, 8, -19, -47, 36,
28, 51, 59, -44, 29, 5, 1, 16, 13, 6, -27, 37,
34, -2, 31, 54, 44, 76, -3, 79, -12, 9, 62, -50,
43, 45, 33, 72, 28, 24, 17, 73, -19, 24, 36, 12,
46, 43, 45, 25, 46, 45, -2, 76, -30, 74, 20, 34,
49, -15, -17, -8, -45, 22, 28, -31, 51, 43, 12, 36,
-4, -6, 11, 57, 0, 44, 2, -34, 4, 3, 40, 4,
4, -5, 35, 71, 34, 41, 3, -28, 44, 7, -9, 16,
-23, -35, 29, 16, 16, 4, -3, -26, 5, 22, -12, 16,
-14, -12, -12, 21, -33, 32, 7, 1, 42, -2, -19, -24,
6, -33, -13, 16, 10, 7, 3, 12, 14, 41, 46, 30,
17, 71, 30, 31, 13, 30, -20, 10, 17, 49, 18, 24,
23, 74, 37, 31, 68, -12, 9, 14, 47, 83, 63, 48,
55, 46, 35, 35, 17, 51, 34, 36, 61, 56, -36, 68,
101, 30, 41, 37, 50, 100, -15, 23, 65, 49, -3, 61,
75, 1, 62, 57, 74, 89, -18, 18, 45, 8, 35, 12,
64, 58, 38, 5, 28, 8, -39, 20, -60, 24, 13, -19,
101, 66, 30, -6, 77, 9, -34, -9, -31, -18, 39, -2,
45, 62, 14, -2, 7, -30, -13, -36, 28, 80, -3, 37,
11, -26, 70, 18, 14, 38, -28, -2, 30, 36, -26, 23,
81, 0, 33, -13, -17, 17, 27, 43, 52, -38, -3, -6,
69, 75, 36, -44, -31, 0, 34, 60, 25, 0, -23, 8,
2, -49, 14, -24, -26, 4, -6, 58, -24, 11, -4, 9,
33, -10, 23, 35, -12, -9, -29, 25, 26, 32, -12, -10,
